home.lat=40.686848
home.lon=-3.380864
geofence=1000
